18.16	0
18.17	5
18.18	10
18.19	20
18.20	39
18.21	61
18.22	85
18.23	112
18.24	143
18.25	175
18.26	203
18.27	233
18.28	264
18.29	295
18.30	339
18.31	399
18.32	463
18.33	527
18.34	591
18.35	656
18.36	723
18.37	798
18.38	880
18.39	972
18.40	1076
18.41	1188
18.42	1306
18.43	1430
18.44	1554
18.45	1680
18.46	1806
18.47	1932
18.48	2063
18.49	2194
18.50	2326
18.51	2468
18.52	2613
18.53	2758
18.54	2903
18.55	3048
18.56	3196
18.57	3346
18.58	3496
18.59	3646
18.60	3796
18.61	3948
18.62	4101
18.63	4254
18.64	4409
18.65	4566
18.66	4728
18.67	4896
18.68	5072
18.69	5253
18.70	5434
18.71	5615
18.72	5796
18.73	5973
18.74	6150
18.75	6328
18.76	6507
18.77	6692
18.78	6878
18.79	7066
18.80	7254
18.81	7444
18.82	7632
18.83	7820
18.84	8013
18.85	8206
18.86	8397
18.87	8588
18.88	8779
18.89	8970
18.90	9161
18.91	9349
18.92	9537
18.93	9725
18.94	9913
18.95	10101
18.96	10289
18.97	10477
18.98	10665
18.99	10854
19.00	11044
19.01	11234
19.02	11427
19.03	11620
19.04	11815
19.05	12010
19.06	12208
19.07	12406
19.08	12604
19.09	12804
19.10	13004
19.11	13204
19.12	13402
19.13	13600
19.14	13795
19.15	13990
19.16	14183
19.17	14376
19.18	14569
19.19	14764
19.20	14963
19.21	15163
19.22	15363
19.23	15566
19.24	15769
19.25	15972
19.26	16175
19.27	16378
19.28	16581
19.29	16784
19.30	16987
19.31	17190
19.32	17394
19.33	17598
19.34	17802
19.35	18006
19.36	18208
19.37	18410
19.38	18612
19.39	18814
19.40	19013
19.41	19213
19.42	19415
19.43	19617
19.44	19817
19.45	20017
19.46	20217
19.47	20417
19.48	20612
19.49	20807
19.50	21000
19.51	21193
19.52	21386
19.53	21580
19.54	21775
19.55	21973
19.56	22168
19.57	22363
19.58	22557
19.59	22752
19.60	22947
19.61	23143
19.62	23336
19.63	23529
19.64	23724
19.65	23919
19.66	24112
19.67	24303
19.68	24491
19.69	24678
19.70	24864
19.71	25048
19.72	25234
19.73	25420
19.74	25606
19.75	25791
19.76	25976
19.77	26162
19.78	26347
19.79	26532
19.80	26717
19.81	26902
19.82	27087
19.83	27270
19.84	27453
19.85	27634
19.86	27814
19.87	27991
19.88	28167
19.89	28342
19.90	28514
19.91	28682
19.92	28841
19.93	28998
19.94	29153
19.95	29299
19.96	29440
19.97	29580
19.98	29719
19.99	29850
20.00	29980
20.01	30098
20.02	30196
20.03	30276
20.04	30339
20.05	30393
20.06	30447
20.07	30491
20.08	30520
20.09	30546
20.10	30568
20.11	30586
20.12	30602
20.13	30617
20.14	30627
20.15	30634
20.16	30639
20.21	30644
20.22	30646
20.23	30648
20.24	30655
20.25	30671
20.26	30690
20.27	30721
20.28	30760
20.29	30801
20.30	30849
20.31	30899
20.32	30952
20.33	31009
20.34	31070
20.35	31134
20.36	31197
20.37	31264
20.38	31330
20.39	31397
20.40	31464
20.41	31531
20.42	31592
20.43	31654
20.44	31715
20.45	31782
20.46	31846
20.47	31910
20.48	31974
20.49	32038
20.50	32106
20.51	32180
20.52	32254
20.53	32328
20.54	32400
20.55	32472
20.56	32544
20.57	32616
20.58	32688
20.59	32757
20.60	32826
20.61	32895
20.62	32964
20.63	33040
20.64	33116
20.65	33192
20.66	33268
20.67	33344
20.68	33418
20.69	33494
20.70	33570
20.71	33644
20.72	33718
20.73	33789
20.74	33856
20.75	33925
20.76	33994
20.77	34063
20.78	34132
20.79	34201
20.80	34270
20.81	34339
20.82	34413
20.83	34485
20.84	34557
20.85	34631
20.86	34705
20.87	34782
20.88	34858
20.89	34926
20.90	34991
20.91	35058
20.92	35126
20.93	35198
20.94	35273
20.95	35343
20.96	35417
20.97	35489
20.98	35561
20.99	35634
21.00	35714
21.01	35802
21.02	35891
21.03	35988
21.04	36087
21.05	36185
21.06	36283
21.07	36381
21.08	36479
21.09	36570
21.10	36655
21.11	36735
21.12	36818
21.13	36904
21.14	36988
21.15	37075
21.16	37175
21.17	37279
21.18	37388
21.19	37503
21.20	37622
21.21	37743
21.22	37874
21.23	38008
21.24	38154
21.25	38304
21.26	38459
21.27	38614
21.28	38769
21.29	38922
21.30	39075
21.31	39225
21.32	39373
21.33	39522
21.34	39671
21.35	39821
21.36	39972
21.37	40124
21.38	40274
21.39	40432
21.40	40597
21.41	40766
21.42	40946
21.43	41135
21.44	41341
21.45	41556
21.46	41790
21.47	42062
21.48	42361
21.49	42668
21.50	42989
21.51	43322
21.52	43676
21.53	44054
21.54	44444
21.55	44846
21.56	45258
21.57	45702
21.58	46157
21.59	46624
21.60	47126
21.61	47661
21.62	48240
21.63	48830
21.64	49426
21.65	50032
21.66	50656
21.67	51289
21.68	51926
21.69	52559
21.70	53204
21.71	53858
21.72	54539
21.73	55228
21.74	55926
21.75	56623
21.76	57326
21.77	58039
21.78	58759
21.79	59491
21.80	60229
21.81	60961
21.82	61700
21.83	62446
21.84	63194
21.85	63947
21.86	64706
21.87	65479
21.88	66258
21.89	67042
21.90	67830
21.91	68617
21.92	69400
21.93	70192
21.94	70990
21.95	71797
21.96	72610
21.97	73423
21.98	74227
21.99	75041
22.00	75871
22.01	76713
22.02	77567
22.03	78423
22.04	79288
22.05	80152
22.06	81032
22.07	81912
22.08	82793
22.09	83678
22.10	84567
22.11	85467
22.12	86383
22.13	87304
22.14	88232
22.15	89158
22.16	90088
22.17	91017
22.18	91946
22.19	92874
22.20	93808
22.21	94740
22.22	95673
22.23	96606
22.24	97539
22.25	98470
22.26	99398
22.27	100326
22.28	101252
22.29	102186
22.30	103120
22.31	104057
22.32	104996
22.33	105937
22.34	106887
22.35	107832
22.36	108777
22.37	109727
22.38	110679
22.39	111638
22.40	112599
22.41	113566
22.42	114532
22.43	115521
22.44	116519
22.45	117521
22.46	118523
22.47	119536
22.48	120557
22.49	121591
22.50	122627
22.51	123668
22.52	124731
22.53	125804
22.54	126889
22.55	127988
22.56	129096
22.57	130205
22.58	131326
22.59	132456
22.60	133598
22.61	134746
22.62	135907
22.63	137078
22.64	138254
22.65	139442
22.66	140643
22.67	141847
22.68	143063
22.69	144284
22.70	145527
22.71	146788
22.72	148061
22.73	149342
22.74	150635
22.75	151943
22.76	153275
22.77	154614
22.78	155971
22.79	157344
22.80	158729
22.81	160137
22.82	161553
22.83	162996
22.84	164452
22.85	165919
22.86	167395
22.87	168884
22.88	170387
22.89	171902
22.90	173418
22.91	174942
22.92	176478
22.93	178028
22.94	179600
22.95	181175
22.96	182753
22.97	184338
22.98	185924
22.99	187522
23.00	189133
23.01	190747
23.02	192360
23.03	193977
23.04	195594
23.05	197211
23.06	198830
23.07	200451
23.08	202077
23.09	203720
23.10	205362
23.11	207019
23.12	208688
23.13	210363
23.14	212048
23.15	213736
23.16	215424
23.17	217124
23.18	218835
23.19	220552
23.20	222279
23.21	224008
23.22	225745
23.23	227488
23.24	229238
23.25	230992
23.26	232753
23.27	234518
23.28	236282
23.29	238050
23.30	239823
23.31	241596
23.32	243372
23.33	245148
23.34	246928
23.35	248710
23.36	250491
23.37	252277
23.38	254068
23.39	255856
23.40	257649
23.41	259454
23.42	261272
23.43	263090
23.44	264908
23.45	266726
23.46	268549
23.47	270371
23.48	272194
23.49	274014
23.50	275827
23.51	277635
23.52	279444
23.53	281264
23.54	283086
23.55	284912
23.56	286743
23.57	288577
23.58	290416
23.59	292261
23.60	294106
23.61	295950
23.62	297797
23.63	299650
23.64	301500
23.65	303352
23.66	305207
23.67	307063
23.68	308921
23.69	310782
23.70	312646
23.71	314511
23.72	316379
23.73	318248
23.74	320118
23.75	321994
23.76	323873
23.77	325752
23.78	327634
23.79	329526
23.80	331418
23.81	333306
23.82	335194
23.83	337080
23.84	338965
23.85	340856
23.86	342747
23.87	344642
23.88	346539
23.89	348436
23.90	350341
23.91	352246
23.92	354163
23.93	356094
23.94	358032
23.95	359970
23.96	361919
23.97	363867
23.98	365814
23.99	367759
24.00	369705
24.01	371645
24.02	373582
24.03	375529
24.04	377479
24.05	379429
24.06	381379
24.07	383328
24.08	385276
24.09	387231
24.10	389195
24.11	391181
24.12	393173
24.13	395174
24.14	397193
24.15	399219
24.16	401246
24.17	403274
24.18	405304
24.19	407334
24.20	409367
24.21	411401
24.22	413436
24.23	415471
24.24	417506
24.25	419545
24.26	421587
24.27	423629
24.28	425670
24.29	427711
24.30	429761
24.31	431809
24.32	433857
24.33	435907
24.34	437957
24.35	440006
24.36	442054
24.37	444096
24.38	446135
24.39	448173
24.40	450212
24.41	452253
24.42	454294
24.43	456330
24.44	458367
24.45	460417
24.46	462477
24.47	464544
24.48	466610
24.49	468676
24.50	470742
24.51	472808
24.52	474878
24.53	476949
24.54	479020
24.55	481100
24.56	483185
24.57	485271
24.58	487357
24.59	489448
24.60	491544
24.61	493640
24.62	495741
24.63	497852
24.64	499965
24.65	502076
24.66	504184
24.67	506295
24.68	508411
24.69	510529
24.70	512647
24.71	514765
24.72	516884
24.73	519006
24.74	521130
24.75	523254
24.76	525378
24.77	527502
24.78	529624
24.79	531746
24.80	533861
24.81	535969
24.82	538074
24.83	540182
24.84	542285
24.85	544391
24.86	546501
24.87	548613
24.88	550730
24.89	552853
24.90	554978
24.91	557105
24.92	559227
24.93	561348
24.94	563469
24.95	565593
24.96	567722
24.97	569855
24.98	571990
24.99	574124
25.00	576256
25.01	578389
25.02	580524
25.03	582658
25.04	584795
25.05	586931
25.06	589062
25.07	591193
25.08	593319
25.09	595443
25.10	597565
25.11	599691
25.12	601817
25.13	603953
25.14	606095
25.15	608235
25.16	610375
25.17	612518
25.18	614664
25.19	616823
25.20	618989
25.21	621147
25.22	623302
25.23	625459
25.24	627617
25.25	629774
25.26	631929
25.27	634090
25.28	636242
25.29	638394
25.30	640542
25.31	642681
25.32	644822
25.33	646966
25.34	649109
25.35	651255
25.36	653399
25.37	655540
25.38	657679
25.39	659818
25.40	661953
25.41	664082
25.42	666216
25.43	668350
25.44	670490
25.45	672638
25.46	674793
25.47	676952
25.48	679112
25.49	681273
25.50	683432
25.51	685593
25.52	687757
25.53	689916
25.54	692079
25.55	694243
25.56	696407
25.57	698571
25.58	700736
25.59	702897
25.60	705056
25.61	707207
25.62	709358
25.63	711504
25.64	713638
25.65	715778
25.66	717914
25.67	720046
25.68	722175
25.69	724300
25.70	726426
25.71	728551
25.72	730669
25.73	732787
25.74	734905
25.75	737025
25.76	739146
25.77	741268
25.78	743392
25.79	745512
25.80	747628
25.81	749744
25.82	751860
25.83	753974
25.84	756086
25.85	758191
25.86	760294
25.87	762395
25.88	764489
25.89	766581
25.90	768675
25.91	770773
25.92	772876
25.93	774979
25.94	777083
25.95	779188
25.96	781293
25.97	783401
25.98	785509
25.99	787621
26.00	789736
26.01	791851
26.02	793963
26.03	796075
26.04	798182
26.05	800285
26.06	802391
26.07	804498
26.08	806608
26.09	808718
26.10	810825
26.11	812932
26.12	815043
26.13	817155
26.14	819267
26.15	821375
26.16	823481
26.17	825587
26.18	827684
26.19	829778
26.20	831870
26.21	833965
26.22	836063
26.23	838162
26.24	840262
26.25	842363
26.26	844464
26.27	846567
26.28	848676
26.29	850790
26.30	852906
26.31	855026
26.32	857150
26.33	859274
26.34	861398
26.35	863521
26.36	865645
26.37	867766
26.38	869884
26.39	871997
26.40	874101
26.41	876209
26.42	878319
26.43	880428
26.44	882535
26.45	884643
26.46	886753
26.47	888861
26.48	890969
26.49	893078
26.50	895186
26.51	897297
26.52	899413
26.53	901535
26.54	903661
26.55	905790
26.56	907922
26.57	910055
26.58	912184
26.59	914312
26.60	916442
26.61	918575
26.62	920710
26.63	922836
26.64	924952
26.65	927077
26.66	929207
26.67	931334
26.68	933460
26.69	935587
26.70	937717
26.71	939855
26.72	941992
26.73	944126
26.74	946261
26.75	948394
26.76	950522
26.77	952648
26.78	954779
26.79	956917
26.80	959059
26.81	961201
26.82	963345
26.83	965485
26.84	967619
26.85	969753
26.86	971885
26.87	974017
26.88	976154
26.89	978297
26.90	980440
26.91	982583
26.92	984729
26.93	986890
26.94	989057
26.95	991224
26.96	993389
26.97	995554
26.98	997720
26.99	999890
27.00	1002054
27.01	1004214
27.02	1006374
27.03	1008531
27.04	1010688
27.05	1012847
27.06	1015002
27.07	1017157
27.08	1019315
27.09	1021478
27.10	1023647
27.11	1025822
27.12	1027997
27.13	1030172
27.14	1032348
27.15	1034528
27.16	1036710
27.17	1038892
27.18	1041077
27.19	1043262
27.20	1045446
27.21	1047630
27.22	1049817
27.23	1052005
27.24	1054194
27.25	1056383
27.26	1058572
27.27	1060759
27.28	1062944
27.29	1065129
27.30	1067316
27.31	1069508
27.32	1071700
27.33	1073898
27.34	1076096
27.35	1078299
27.36	1080504
27.37	1082715
27.38	1084927
27.39	1087141
27.40	1089357
27.41	1091573
27.42	1093791
27.43	1096009
27.44	1098227
27.45	1100447
27.46	1102673
27.47	1104903
27.48	1107133
27.49	1109363
27.50	1111588
27.51	1113808
27.52	1116029
27.53	1118255
27.54	1120480
27.55	1122707
27.56	1124929
27.57	1127152
27.58	1129377
27.59	1131607
27.60	1133847
27.61	1136095
27.62	1138346
27.63	1140606
27.64	1142873
27.65	1145139
27.66	1147412
27.67	1149686
27.68	1151966
27.69	1154246
27.70	1156531
27.71	1158818
27.72	1161104
27.73	1163392
27.74	1165698
27.75	1168006
27.76	1170316
27.77	1172649
27.78	1174984
27.79	1177326
27.80	1179674
27.81	1182054
27.82	1184452
27.83	1186891
27.84	1189337
27.85	1191823
27.86	1194313
27.87	1196816
27.88	1199337
27.89	1201866
27.90	1204391
27.91	1206930
27.92	1209484
27.93	1212044
27.94	1214612
27.95	1217191
27.96	1219810
27.97	1222434
27.98	1225080
27.99	1227741
28.00	1230430
28.01	1233137
28.02	1235854
28.03	1238577
28.04	1241308
28.05	1244060
28.06	1246824
28.07	1249595
28.08	1252409
28.09	1255240
28.10	1258096
28.11	1260990
28.12	1263890
28.13	1266800
28.14	1269710
28.15	1272630
28.16	1275554
28.17	1278499
28.18	1281463
28.19	1284431
28.20	1287417
28.21	1290408
28.22	1293409
28.23	1296415
28.24	1299433
28.25	1302458
28.26	1305495
28.27	1308547
28.28	1311612
28.29	1314700
28.30	1317796
28.31	1320903
28.32	1324053
28.33	1327232
28.34	1330452
28.35	1333708
28.36	1336981
28.37	1340266
28.38	1343561
28.39	1346856
28.40	1350153
28.41	1353455
28.42	1356768
28.43	1360092
28.44	1363422
28.45	1366749
28.46	1370089
28.47	1373425
28.48	1376763
28.49	1380103
28.50	1383448
28.51	1386788
28.52	1390131
28.53	1393474
28.54	1396815
28.55	1400151
28.56	1403483
28.57	1406814
28.58	1410146
28.59	1413478
28.60	1416819
28.61	1420175
28.62	1423536
28.63	1426896
28.64	1430256
28.65	1433624
28.66	1436989
28.67	1440373
28.68	1443759
28.69	1447171
28.70	1450590
28.71	1454022
28.72	1457467
28.73	1460921
28.74	1464375
28.75	1467833
28.76	1471292
28.77	1474760
28.78	1478235
28.79	1481707
28.80	1485176
28.81	1488647
28.82	1492116
28.83	1495586
28.84	1499064
28.85	1502543
28.86	1506030
28.87	1509519
28.88	1513012
28.89	1516513
28.90	1520018
28.91	1523522
28.92	1527036
28.93	1530551
28.94	1534072
28.95	1537601
28.96	1541129
28.97	1544659
28.98	1548200
28.99	1551738
29.00	1555278
29.01	1558822
29.02	1562368
29.03	1565922
29.04	1569476
29.05	1573040
29.06	1576606
29.07	1580183
29.08	1583767
29.09	1587361
29.10	1590965
29.11	1594570
29.12	1598176
29.13	1601780
29.14	1605393
29.15	1609012
29.16	1612660
29.17	1616319
29.18	1619990
29.19	1623674
29.20	1627358
29.21	1631047
29.22	1634766
29.23	1638485
29.24	1642231
29.25	1645985
29.26	1649747
29.27	1653516
29.28	1657304
29.29	1661095
29.30	1664885
29.31	1668680
29.32	1672491
29.33	1676317
29.34	1680146
29.35	1683978
29.36	1687814
29.37	1691659
29.38	1695500
29.39	1699345
29.40	1703195
29.41	1707054
29.42	1710918
29.43	1714784
29.44	1718652
29.45	1722519
29.46	1726389
29.47	1730257
29.48	1734123
29.49	1737984
29.50	1741846
29.51	1745702
29.52	1749563
29.53	1753424
29.54	1757287
29.55	1761161
29.56	1765039
29.57	1768915
29.58	1772791
29.59	1776672
29.60	1780553
29.61	1784442
29.62	1788333
29.63	1792231
29.64	1796126
29.65	1800017
29.66	1803904
29.67	1807795
29.68	1811688
29.69	1815595
29.70	1819504
29.71	1823423
29.72	1827346
29.73	1831279
29.74	1835219
29.75	1839164
29.76	1843105
29.77	1847048
29.78	1850994
29.79	1854946
29.80	1858903
29.81	1862855
29.82	1866805
29.83	1870757
29.84	1874713
29.85	1878674
29.86	1882642
29.87	1886609
29.88	1890580
29.89	1894552
29.90	1898520
29.91	1902481
29.92	1906443
29.93	1910405
29.94	1914367
29.95	1918337
29.96	1922313
29.97	1926290
29.98	1930260
29.99	1934229
30.00	1938197
30.01	1942169
30.02	1946141
30.03	1950121
30.04	1954105
30.05	1958096
30.06	1962090
30.07	1966088
30.08	1970089
30.09	1974096
30.10	1978104
30.11	1982110
30.12	1986105
30.13	1990096
30.14	1994085
30.15	1998064
30.16	2002033
30.17	2006003
30.18	2009965
30.19	2013930
30.20	2017898
30.21	2021860
30.22	2025822
30.23	2029783
30.24	2033739
30.25	2037689
30.26	2041644
30.27	2045592
30.28	2049544
30.29	2053498
30.30	2057453
30.31	2061398
30.32	2065343
30.33	2069284
30.34	2073209
30.35	2077134
30.36	2081063
30.37	2084997
30.38	2088945
30.39	2092911
30.40	2096900
30.41	2100903
30.42	2104934
30.43	2108982
30.44	2113040
30.45	2117098
30.46	2121155
30.47	2125207
30.48	2129262
30.49	2133310
30.50	2137365
30.51	2141423
30.52	2145489
30.53	2149559
30.54	2153630
30.55	2157705
30.56	2161775
30.57	2165855
30.58	2169943
30.59	2174044
30.60	2178156
30.61	2182273
30.62	2186389
30.63	2190507
30.64	2194627
30.65	2198753
30.66	2202880
30.67	2207007
30.68	2211132
30.69	2215265
30.70	2219404
30.71	2223554
30.72	2227708
30.73	2231860
30.74	2236011
30.75	2240158
30.76	2244300
30.77	2248442
30.78	2252586
30.79	2256732
30.80	2260880
30.81	2265029
30.82	2269184
30.83	2273346
30.84	2277510
30.85	2281675
30.86	2285847
30.87	2290033
30.88	2294225
30.89	2298424
30.90	2302623
30.91	2306822
30.92	2311021
30.93	2315224
30.94	2319427
30.95	2323637
30.96	2327851
30.97	2332073
30.98	2336300
30.99	2340539
31.00	2344778
31.01	2349017
31.02	2353256
31.03	2357501
31.04	2361746
31.05	2365993
31.06	2370240
31.07	2374487
31.08	2378732
31.09	2382977
31.10	2387222
31.11	2391467
31.12	2395714
31.13	2399961
31.14	2404213
31.15	2408466
31.16	2412720
31.17	2416973
31.18	2421225
31.19	2425477
31.20	2429727
31.21	2433976
31.22	2438228
31.23	2442478
31.24	2446730
31.25	2450982
31.26	2455236
31.27	2459490
31.28	2463746
31.29	2468007
31.30	2472271
31.31	2476540
31.32	2480813
31.33	2485095
31.34	2489383
31.35	2493678
31.36	2497970
31.37	2502265
31.38	2506556
31.39	2510846
31.40	2515137
31.41	2519429
31.42	2523711
31.43	2527991
31.44	2532274
31.45	2536559
31.46	2540839
31.47	2545123
31.48	2549408
31.49	2553692
31.50	2557972
31.51	2562254
31.52	2566540
31.53	2570830
31.54	2575121
31.55	2579415
31.56	2583709
31.57	2588004
31.58	2592294
31.59	2596580
31.60	2600866
31.61	2605152
31.62	2609438
31.63	2613726
31.64	2618011
31.65	2622292
31.66	2626571
31.67	2630851
31.68	2635129
31.69	2639406
31.70	2643688
31.71	2647973
31.72	2652262
31.73	2656561
31.74	2660866
31.75	2665167
31.76	2669466
31.77	2673764
31.78	2678062
31.79	2682359
31.80	2686657
31.81	2690956
31.82	2695254
31.83	2699556
31.84	2703859
31.85	2708157
31.86	2712453
31.87	2716750
31.88	2721049
31.89	2725352
31.90	2729656
31.91	2733960
31.92	2738265
31.93	2742569
31.94	2746871
31.95	2751174
31.96	2755471
31.97	2759764
31.98	2764056
31.99	2768351
32.00	2772647
32.01	2776943
32.02	2781237
32.03	2785532
32.04	2789829
32.05	2794126
32.06	2798423
32.07	2802720
32.08	2807018
32.09	2811318
32.10	2815615
32.11	2819911
32.12	2824203
32.13	2828498
32.14	2832788
32.15	2837076
32.16	2841362
32.17	2845648
32.18	2849934
32.19	2854222
32.20	2858510
32.21	2862797
32.22	2867081
32.23	2871369
32.24	2875657
32.25	2879947
32.26	2884240
32.27	2888532
32.28	2892824
32.29	2897116
32.30	2901405
32.31	2905693
32.32	2909981
32.33	2914269
32.34	2918559
32.35	2922849
32.36	2927139
32.37	2931429
32.38	2935717
32.39	2940000
32.40	2944281
32.41	2948560
32.42	2952831
32.43	2957095
32.44	2961356
32.45	2965617
32.46	2969875
32.47	2974130
32.48	2978382
32.49	2982627
32.50	2986870
32.51	2991109
32.52	2995347
32.53	2999577
32.54	3003798
32.55	3008009
32.56	3012216
32.57	3016417
32.58	3020608
32.59	3024801
32.60	3028990
32.61	3033165
32.62	3037340
32.63	3041508
32.64	3045663
32.65	3049816
32.66	3053968
32.67	3058118
32.68	3062265
32.69	3066411
32.70	3070552
32.71	3074695
32.72	3078833
32.73	3082969
32.74	3087103
32.75	3091234
32.76	3095365
32.77	3099498
32.78	3103629
32.79	3107764
32.80	3111899
32.81	3116037
32.82	3120175
32.83	3124313
32.84	3128453
32.85	3132596
32.86	3136739
32.87	3140882
32.88	3145025
32.89	3149168
32.90	3153313
32.91	3157458
32.92	3161605
32.93	3165750
32.94	3169896
32.95	3174042
32.96	3178191
32.97	3182340
32.98	3186491
32.99	3190642
33.00	3194791
33.01	3198940
33.02	3203089
33.03	3207236
33.04	3211383
33.05	3215530
33.06	3219677
33.07	3223820
33.08	3227963
33.09	3232106
33.10	3236246
33.11	3240383
33.12	3244520
33.13	3248655
33.14	3252790
33.15	3256923
33.16	3261054
33.17	3265185
33.18	3269318
33.19	3273458
33.20	3277613
33.21	3281776
33.22	3285943
33.23	3290110
33.24	3294277
33.25	3298444
33.26	3302611
33.27	3306778
33.28	3310945
33.29	3315111
33.30	3319274
33.31	3323441
33.32	3327608
33.33	3331775
33.34	3335942
33.35	3340111
33.36	3344280
33.37	3348451
33.38	3352622
33.39	3356796
33.40	3360970
33.41	3365146
33.42	3369318
33.43	3373489
33.44	3377662
33.45	3381838
33.46	3386015
33.47	3390193
33.48	3394371
33.49	3398549
33.50	3402727
33.51	3406907
33.52	3411087
33.53	3415269
33.54	3419447
33.55	3423625
33.56	3427803
33.57	3431984
33.58	3436165
33.59	3440345
33.60	3444525
33.61	3448705
33.62	3452885
33.63	3457070
33.64	3461255
33.65	3465440
33.66	3469625
33.67	3473807
33.68	3477989
33.69	3482171
33.70	3486351
33.71	3490531
33.72	3494709
33.73	3498887
33.74	3503063
33.75	3507239
33.76	3511414
33.77	3515585
33.78	3519756
33.79	3523924
33.80	3528092
33.81	3532266
33.82	3536440
33.83	3540616
33.84	3544792
33.85	3548968
33.86	3553144
33.87	3557320
33.88	3561495
33.89	3565670
33.90	3569845
33.91	3574020
33.92	3578193
33.93	3582366
33.94	3586539
33.95	3590712
33.96	3594884
33.97	3599055
33.98	3603226
33.99	3607397
34.00	3611568
34.01	3615733
34.02	3619897
34.03	3624061
34.04	3628225
34.05	3632393
34.06	3636561
34.07	3640729
34.08	3644895
34.09	3649061
34.10	3653227
34.11	3657393
34.12	3661557
34.13	3665719
34.14	3669875
34.15	3674030
34.16	3678185
34.17	3682333
34.18	3686481
34.19	3690629
34.20	3694773
34.21	3698915
34.22	3703055
34.23	3707195
34.24	3711335
34.25	3715471
34.26	3719605
34.27	3723737
34.28	3727869
34.29	3732001
34.30	3736133
34.31	3740265
34.32	3744397
34.33	3748529
34.34	3752663
34.35	3756793
34.36	3760922
34.37	3765048
34.38	3769172
34.39	3773293
34.40	3777415
34.41	3781541
34.42	3785667
34.43	3789794
34.44	3793921
34.45	3798047
34.46	3802169
34.47	3806291
34.48	3810409
34.49	3814523
34.50	3818631
34.51	3822742
34.52	3826853
34.53	3830966
34.54	3835078
34.55	3839187
34.56	3843291
34.57	3847394
34.58	3851497
34.59	3855603
34.60	3859707
34.61	3863811
34.62	3867922
34.63	3872039
34.64	3876156
34.65	3880274
34.66	3884392
34.67	3888516
34.68	3892636
34.69	3896758
34.70	3900881
34.71	3905007
34.72	3909133
34.73	3913261
34.74	3917389
34.75	3921517
34.76	3925648
34.77	3929773
34.78	3933891
34.79	3938008
34.80	3942118
34.81	3946222
34.82	3950325
34.83	3954428
34.84	3958531
34.85	3962634
34.86	3966735
34.87	3970836
34.88	3974937
34.89	3979039
34.90	3983144
34.91	3987249
34.92	3991354
34.93	3995459
34.94	3999566
34.95	4003673
34.96	4007780
34.97	4011887
34.98	4015996
34.99	4020105
35.00	4024214
35.01	4028323
35.02	4032435
35.03	4036547
35.04	4040659
35.05	4044772
35.06	4048888
35.07	4053008
35.08	4057133
35.09	4061261
35.10	4065392
35.11	4069523
35.12	4073652
35.13	4077778
35.14	4081904
35.15	4086035
35.16	4090166
35.17	4094299
35.18	4098432
35.19	4102567
35.20	4106702
35.21	4110840
35.22	4114978
35.23	4119118
35.24	4123258
35.25	4127400
35.26	4131542
35.27	4135684
35.28	4139829
35.29	4143974
35.30	4148119
35.31	4152265
35.32	4156412
35.33	4160563
35.34	4164716
35.35	4168870
35.36	4173026
35.37	4177182
35.38	4181338
35.39	4185496
35.40	4189656
35.41	4193817
35.42	4197976
35.43	4202139
35.44	4206300
35.45	4210464
35.46	4214633
35.47	4218805
35.48	4222982
35.49	4227180
35.50	4231396
35.51	4235614
35.52	4239832
35.53	4244062
35.54	4248297
35.55	4252538
35.56	4256779
35.57	4261017
35.58	4265260
35.59	4269505
35.60	4273756
35.61	4278012
35.62	4282274
35.63	4286544
35.64	4290822
35.65	4295107
35.66	4299393
35.67	4303682
35.68	4307973
35.69	4312267
35.70	4316562
35.71	4320861
35.72	4325160
35.73	4329460
35.74	4333763
35.75	4338065
35.76	4342376
35.77	4346696
35.78	4351012
35.79	4355328
35.80	4359641
35.81	4363959
35.82	4368268
35.83	4372578
35.84	4376891
35.85	4381206
35.86	4385530
35.87	4389858
35.88	4394192
35.89	4398522
35.90	4402863
35.91	4407214
35.92	4411561
35.93	4415913
35.94	4420261
35.95	4424609
35.96	4428962
35.97	4433325
35.98	4437686
35.99	4442047
36.00	4446409
36.01	4450771
36.02	4455135
36.03	4459510
36.04	4463876
36.05	4468242
36.06	4472614
36.07	4476998
36.08	4481379
36.09	4485759
36.10	4490140
36.11	4494525
36.12	4498914
36.13	4503302
36.14	4507698
36.15	4512095
36.16	4516488
36.17	4520885
36.18	4525271
36.19	4529658
36.20	4534059
36.21	4538463
36.22	4542865
36.23	4547273
36.24	4551682
36.25	4556088
36.26	4560493
36.27	4564901
36.28	4569312
36.29	4573721
36.30	4578132
36.31	4582544
36.32	4586952
36.33	4591362
36.34	4595776
36.35	4600193
36.36	4604607
36.37	4609022
36.38	4613432
36.39	4617846
36.40	4622268
36.41	4626681
36.42	4631102
36.43	4635526
36.44	4639948
36.45	4644375
36.46	4648806
36.47	4653239
36.48	4657677
36.49	4662109
36.50	4666542
36.51	4670975
36.52	4675415
36.53	4679852
36.54	4684290
36.55	4688733
36.56	4693173
36.57	4697621
36.58	4702065
36.59	4706513
36.60	4710954
36.61	4715404
36.62	4719853
36.63	4724304
36.64	4728763
36.65	4733225
36.66	4737691
36.67	4742159
36.68	4746632
36.69	4751108
36.70	4755588
36.71	4760071
36.72	4764568
36.73	4769075
36.74	4773592
36.75	4778115
36.76	4782646
36.77	4787181
36.78	4791716
36.79	4796247
36.80	4800780
36.81	4805317
36.82	4809853
36.83	4814398
36.84	4818948
36.85	4823509
36.86	4828068
36.87	4832637
36.88	4837210
36.89	4841788
36.90	4846374
36.91	4850975
36.92	4855582
36.93	4860189
36.94	4864807
36.95	4869430
36.96	4874071
36.97	4878717
36.98	4883367
36.99	4888028
37.00	4892690
37.01	4897360
37.02	4902033
37.03	4906711
37.04	4911395
37.05	4916079
37.06	4920766
37.07	4925451
37.08	4930124
37.09	4934802
37.10	4939492
37.11	4944176
37.12	4948866
37.13	4953560
37.14	4958256
37.15	4962961
37.16	4967657
37.17	4972350
37.18	4977034
37.19	4981689
37.20	4986343
37.21	4990995
37.22	4995632
37.23	5000254
37.24	5004867
37.25	5009468
37.26	5014061
37.27	5018650
37.28	5023235
37.29	5027816
37.30	5032392
37.31	5036970
37.32	5041543
37.33	5046113
37.34	5050672
37.35	5055233
37.36	5059792
37.37	5064356
37.38	5068932
37.39	5073511
37.40	5078090
37.41	5082661
37.42	5087228
37.43	5091775
37.44	5096299
37.45	5100811
37.46	5105319
37.47	5109819
37.48	5114302
37.49	5118766
37.50	5123216
37.51	5127656
37.52	5132087
37.53	5136530
37.54	5140965
37.55	5145403
37.56	5149829
37.57	5154251
37.58	5158658
37.59	5163066
37.60	5167468
37.61	5171862
37.62	5176262
37.63	5180666
37.64	5185072
37.65	5189475
37.66	5193871
37.67	5198274
37.68	5202673
37.69	5207083
37.70	5211495
37.71	5215896
37.72	5220280
37.73	5224666
37.74	5229039
37.75	5233416
37.76	5237778
37.77	5242134
37.78	5246487
37.79	5250843
37.80	5255180
37.81	5259519
37.82	5263852
37.83	5268184
37.84	5272507
37.85	5276826
37.86	5281142
37.87	5285448
37.88	5289759
37.89	5294062
37.90	5298376
37.91	5302684
37.92	5307002
37.93	5311319
37.94	5315630
37.95	5319943
37.96	5324261
37.97	5328585
37.98	5332913
37.99	5337240
38.00	5341562
38.01	5345884
38.02	5350204
38.03	5354518
38.04	5358829
38.05	5363144
38.06	5367460
38.07	5371781
38.08	5376096
38.09	5380407
38.10	5384721
38.11	5389026
38.12	5393329
38.13	5397622
38.14	5401919
38.15	5406210
38.16	5410502
38.17	5414769
38.18	5419022
38.19	5423272
38.20	5427510
38.21	5431748
38.22	5435979
38.23	5440205
38.24	5444422
38.25	5448640
38.26	5452854
38.27	5457067
38.28	5461270
38.29	5465473
38.30	5469679
38.31	5473883
38.32	5478085
38.33	5482287
38.34	5486482
38.35	5490674
38.36	5494872
38.37	5499070
38.38	5503257
38.39	5507453
38.40	5511651
38.41	5515839
38.42	5520020
38.43	5524191
38.44	5528368
38.45	5532547
38.46	5536722
38.47	5540895
38.48	5545068
38.49	5549246
38.50	5553429
38.51	5557610
38.52	5561792
38.53	5565984
38.54	5570188
38.55	5574397
38.56	5578601
38.57	5582815
38.58	5587026
38.59	5591249
38.60	5595475
38.61	5599716
38.62	5603964
38.63	5608199
38.64	5612452
38.65	5616714
38.66	5620974
38.67	5625238
38.68	5629503
38.69	5633771
38.70	5638040
38.71	5642312
38.72	5646592
38.73	5650877
38.74	5655160
38.75	5659442
38.76	5663721
38.77	5668011
38.78	5672296
38.79	5676590
38.80	5680888
38.81	5685193
38.82	5689513
38.83	5693834
38.84	5698166
38.85	5702496
38.86	5706827
38.87	5711169
38.88	5715515
38.89	5719863
38.90	5724214
38.91	5728567
38.92	5732910
38.93	5737260
38.94	5741618
38.95	5745970
38.96	5750323
38.97	5754665
38.98	5758995
38.99	5763333
39.00	5767684
39.01	5772040
39.02	5776395
39.03	5780773
39.04	5785164
39.05	5789555
39.06	5793940
39.07	5798337
39.08	5802729
39.09	5807112
39.10	5811492
39.11	5815871
39.12	5820251
39.13	5824648
39.14	5829051
39.15	5833463
39.16	5837888
39.17	5842339
39.18	5846787
39.19	5851249
39.20	5855721
39.21	5860201
39.22	5864708
39.23	5869231
39.24	5873759
39.25	5878293
39.26	5882813
39.27	5887339
39.28	5891870
39.29	5896395
39.30	5900907
39.31	5905414
39.32	5909930
39.33	5914435
39.34	5918937
39.35	5923441
39.36	5927954
39.37	5932492
39.38	5937038
39.39	5941593
39.40	5946163
39.41	5950730
39.42	5955304
39.43	5959892
39.44	5964486
39.45	5969071
39.46	5973659
39.47	5978243
39.48	5982820
39.49	5987393
39.50	5991972
39.51	5996558
39.52	6001149
39.53	6005739
39.54	6010329
39.55	6014921
39.56	6019521
39.57	6024106
39.58	6028691
39.59	6033282
39.60	6037871
39.61	6042456
39.62	6047035
39.63	6051625
39.64	6056222
39.65	6060819
39.66	6065418
39.67	6070030
39.68	6074639
39.69	6079248
39.70	6083862
39.71	6088477
39.72	6093097
39.73	6097721
39.74	6102352
39.75	6106996
39.76	6111655
39.77	6116312
39.78	6120972
39.79	6125642
39.80	6130330
39.81	6135019
39.82	6139714
39.83	6144423
39.84	6149148
39.85	6153869
39.86	6158590
39.87	6163311
39.88	6168023
39.89	6172735
39.90	6177448
39.91	6182174
39.92	6186902
39.93	6191626
39.94	6196349
39.95	6201076
39.96	6205810
39.97	6210550
39.98	6215283
39.99	6220014
40.00	6224748
40.01	6229490
40.02	6234238
40.03	6238985
40.04	6243731
40.05	6248477
40.06	6253229
40.07	6257972
40.08	6262716
40.09	6267465
40.10	6272216
40.11	6276966
40.12	6281719
40.13	6286463
40.14	6291199
40.15	6295922
40.16	6300639
40.17	6305356
40.18	6310083
40.19	6314821
40.20	6319558
40.21	6324294
40.22	6329032
40.23	6333775
40.24	6338514
40.25	6343244
40.26	6347980
40.27	6352710
40.28	6357444
40.29	6362183
40.30	6366917
40.31	6371647
40.32	6376378
40.33	6381112
40.34	6385848
40.35	6390581
40.36	6395307
40.37	6400030
40.38	6404738
40.39	6409444
40.40	6414154
40.41	6418865
40.42	6423573
40.43	6428283
40.44	6432981
40.45	6437678
40.46	6442371
40.47	6447074
40.48	6451771
40.49	6456467
40.50	6461170
40.51	6465869
40.52	6470556
40.53	6475241
40.54	6479923
40.55	6484601
40.56	6489278
40.57	6493968
40.58	6498667
40.59	6503369
40.60	6508070
40.61	6512779
40.62	6517498
40.63	6522211
40.64	6526931
40.65	6531658
40.66	6536385
40.67	6541106
40.68	6545836
40.69	6550573
40.70	6555319
40.71	6560064
40.72	6564818
40.73	6569580
40.74	6574342
40.75	6579106
40.76	6583870
40.77	6588647
40.78	6593428
40.79	6598213
40.80	6602995
40.81	6607776
40.82	6612558
40.83	6617352
40.84	6622169
40.85	6626992
40.86	6631809
40.87	6636644
40.88	6641490
40.89	6646343
40.90	6651218
40.91	6656108
40.92	6661006
40.93	6665908
40.94	6670811
40.95	6675716
40.96	6680620
40.97	6685527
40.98	6690434
40.99	6695344
41.00	6700252
41.01	6705163
41.02	6710071
41.03	6714970
41.04	6719858
41.05	6724730
41.06	6729590
41.07	6734439
41.08	6739275
41.09	6744099
41.10	6748912
41.11	6753716
41.12	6758521
41.13	6763325
41.14	6768130
41.15	6772936
41.16	6777744
41.17	6782551
41.18	6787360
41.19	6792169
41.20	6796975
41.21	6801783
41.22	6806592
41.23	6811399
41.24	6816205
41.25	6821012
41.26	6825819
41.27	6830626
41.28	6835432
41.29	6840231
41.30	6845031
41.31	6849833
41.32	6854636
41.33	6859441
41.34	6864247
41.35	6869059
41.36	6873875
41.37	6878694
41.38	6883519
41.39	6888346
41.40	6893179
41.41	6898016
41.42	6902878
41.43	6907741
41.44	6912617
41.45	6917498
41.46	6922381
41.47	6927269
41.48	6932163
41.49	6937062
41.50	6941963
41.51	6946860
41.52	6951759
41.53	6956660
41.54	6961568
41.55	6966479
41.56	6971394
41.57	6976313
41.58	6981220
41.59	6986123
41.60	6991022
41.61	6995918
41.62	7000808
41.63	7005697
41.64	7010584
41.65	7015467
41.66	7020349
41.67	7025220
41.68	7030069
41.69	7034908
41.70	7039742
41.71	7044566
41.72	7049391
41.73	7054214
41.74	7059034
41.75	7063857
41.76	7068672
41.77	7073480
41.78	7078294
41.79	7083099
41.80	7087899
41.81	7092689
41.82	7097466
41.83	7102232
41.84	7106982
41.85	7111711
41.86	7116417
41.87	7121101
41.88	7125773
41.89	7130429
41.90	7135067
41.91	7139688
41.92	7144295
41.93	7148897
41.94	7153493
41.95	7158078
41.96	7162659
41.97	7167236
41.98	7171803
41.99	7176372
42.00	7180942
42.01	7185511
42.02	7190088
42.03	7194682
42.04	7199286
42.05	7203899
42.06	7208497
42.07	7213066
42.08	7217628
42.09	7222178
42.10	7226729
42.11	7231281
42.12	7235823
42.13	7240361
42.14	7244895
42.15	7249429
42.16	7253951
42.17	7258449
42.18	7262941
42.19	7267427
42.20	7271904
42.21	7276375
42.22	7280844
42.23	7285307
42.24	7289757
42.25	7294201
42.26	7298641
42.27	7303078
42.28	7307514
42.29	7311942
42.30	7316365
42.31	7320783
42.32	7325196
42.33	7329601
42.34	7334001
42.35	7338396
42.36	7342784
42.37	7347163
42.38	7351542
42.39	7355925
42.40	7360310
42.41	7364699
42.42	7369093
42.43	7373489
42.44	7377880
42.45	7382243
42.46	7386559
42.47	7390833
42.48	7395058
42.49	7399256
42.50	7403448
42.51	7407623
42.52	7411794
42.53	7415966
42.54	7420129
42.55	7424289
42.56	7428451
42.57	7432613
42.58	7436774
42.59	7440921
42.60	7445057
42.61	7449174
42.62	7453248
42.63	7457289
42.64	7461302
42.65	7465287
42.66	7469220
42.67	7473092
42.68	7476932
42.69	7480752
42.70	7484544
42.71	7488314
42.72	7492062
42.73	7495792
42.74	7499498
42.75	7503165
42.76	7506813
42.77	7510445
42.78	7514056
42.79	7517650
42.80	7521240
42.81	7524833
42.82	7528424
42.83	7532017
42.84	7535612
42.85	7539214
42.86	7542817
42.87	7546422
42.88	7550034
42.89	7553639
42.90	7557246
42.91	7560857
42.92	7564468
42.93	7568081
42.94	7571694
42.95	7575310
42.96	7578919
42.97	7582537
42.98	7586167
42.99	7589800
43.00	7593431
43.01	7597059
43.02	7600688
43.03	7604313
43.04	7607938
43.05	7611563
43.06	7615184
43.07	7618804
43.08	7622421
43.09	7626035
43.10	7629644
43.11	7633245
43.12	7636847
43.13	7640443
43.14	7644039
43.15	7647627
43.16	7651210
43.17	7654786
43.18	7658352
43.19	7661912
43.20	7665470
43.21	7669028
43.22	7672584
43.23	7676134
43.24	7679685
43.25	7683234
43.26	7686785
43.27	7690334
43.28	7693884
43.29	7697436
43.30	7700989
43.31	7704542
43.32	7708096
43.33	7711650
43.34	7715202
43.35	7718754
43.36	7722301
43.37	7725847
43.38	7729390
43.39	7732929
43.40	7736466
43.41	7740002
43.42	7743537
43.43	7747061
43.44	7750579
43.45	7754093
43.46	7757606
43.47	7761113
43.48	7764619
43.49	7768122
43.50	7771617
43.51	7775104
43.52	7778585
43.53	7782061
43.54	7785535
43.55	7789009
43.56	7792482
43.57	7795955
43.58	7799425
43.59	7802893
43.60	7806364
43.61	7809832
43.62	7813299
43.63	7816767
43.64	7820233
43.65	7823694
43.66	7827156
43.67	7830621
43.68	7834084
43.69	7837544
43.70	7841004
43.71	7844463
43.72	7847921
43.73	7851370
43.74	7854819
43.75	7858259
43.76	7861699
43.77	7865138
43.78	7868575
43.79	7872012
43.80	7875448
43.81	7878884
43.82	7882320
43.83	7885761
43.84	7889202
43.85	7892643
43.86	7896088
43.87	7899532
43.88	7902977
43.89	7906423
43.90	7909871
43.91	7913319
43.92	7916766
43.93	7920217
43.94	7923666
43.95	7927117
43.96	7930569
43.97	7934021
43.98	7937474
43.99	7940928
44.00	7944387
44.01	7947844
44.02	7951295
44.03	7954752
44.04	7958202
44.05	7961659
44.06	7965119
44.07	7968580
44.08	7972044
44.09	7975509
44.10	7978976
44.11	7982448
44.12	7985921
44.13	7989394
44.14	7992864
44.15	7996336
44.16	7999812
44.17	8003288
44.18	8006767
44.19	8010244
44.20	8013725
44.21	8017203
44.22	8020686
44.23	8024169
44.24	8027654
44.25	8031141
44.26	8034625
44.27	8038111
44.28	8041597
44.29	8045073
44.30	8048532
44.31	8051971
44.32	8055414
44.33	8058847
44.34	8062282
44.35	8065714
44.36	8069140
44.37	8072563
44.38	8075984
44.39	8079402
44.40	8082819
44.41	8086234
44.42	8089651
44.43	8093068
44.44	8096479
44.45	8099891
44.46	8103298
44.47	8106702
44.48	8110100
44.49	8113496
44.50	8116891
44.51	8120285
44.52	8123670
44.53	8127055
44.54	8130426
44.55	8133796
44.56	8137163
44.57	8140527
44.58	8143891
44.59	8147253
44.60	8150611
44.61	8153969
44.62	8157325
44.63	8160682
44.64	8164034
44.65	8167388
44.66	8170740
44.67	8174088
44.68	8177435
44.69	8180781
44.70	8184117
44.71	8187448
44.72	8190775
44.73	8194092
44.74	8197405
44.75	8200719
44.76	8204027
44.77	8207336
44.78	8210639
44.79	8213940
44.80	8217230
44.81	8220522
44.82	8223787
44.83	8227049
44.84	8230303
44.85	8233549
44.86	8236787
44.87	8240017
44.88	8243244
44.89	8246470
44.90	8249688
44.91	8252906
44.92	8256116
44.93	8259325
44.94	8262534
44.95	8265737
44.96	8268926
44.97	8272117
44.98	8275306
44.99	8278486
45.00	8281654
45.01	8284811
45.02	8287966
45.03	8291095
45.04	8294183
45.05	8297244
45.06	8300303
45.07	8303330
45.08	8306324
45.09	8309290
45.10	8312211
45.11	8315122
45.12	8318028
45.13	8320937
45.14	8323831
45.15	8326719
45.16	8329586
45.17	8332446
45.18	8335285
45.19	8338106
45.20	8340921
45.21	8343721
45.22	8346517
45.23	8349312
45.24	8352084
45.25	8354846
45.26	8357589
45.27	8360329
45.28	8363070
45.29	8365800
45.30	8368523
45.31	8371241
45.32	8373949
45.33	8376658
45.34	8379363
45.35	8382068
45.36	8384775
45.37	8387477
45.38	8390175
45.39	8392858
45.40	8395540
45.41	8398203
45.42	8400849
45.43	8403475
45.44	8406086
45.45	8408697
45.46	8411297
45.47	8413881
45.48	8416461
45.49	8419042
45.50	8421625
45.51	8424216
45.52	8426812
45.53	8429411
45.54	8432007
45.55	8434606
45.56	8437203
45.57	8439802
45.58	8442403
45.59	8445005
45.60	8447603
45.61	8450203
45.62	8452809
45.63	8455412
45.64	8458010
45.65	8460605
45.66	8463198
45.67	8465792
45.68	8468382
45.69	8470968
45.70	8473550
45.71	8476121
45.72	8478688
45.73	8481257
45.74	8483828
45.75	8486400
45.76	8488968
45.77	8491537
45.78	8494104
45.79	8496675
45.80	8499245
45.81	8501817
45.82	8504383
45.83	8506950
45.84	8509518
45.85	8512091
45.86	8514662
45.87	8517235
45.88	8519814
45.89	8522394
45.90	8524978
45.91	8527564
45.92	8530149
45.93	8532733
45.94	8535320
45.95	8537908
45.96	8540499
45.97	8543091
45.98	8545685
45.99	8548284
46.00	8550883
46.01	8553481
46.02	8556077
46.03	8558674
46.04	8561273
46.05	8563872
46.06	8566468
46.07	8569065
46.08	8571664
46.09	8574259
46.10	8576850
46.11	8579440
46.12	8582028
46.13	8584618
46.14	8587205
46.15	8589788
46.16	8592372
46.17	8594956
46.18	8597539
46.19	8600118
46.20	8602699
46.21	8605281
46.22	8607864
46.23	8610441
46.24	8613020
46.25	8615596
46.26	8618172
46.27	8620751
46.28	8623329
46.29	8625906
46.30	8628479
46.31	8631049
46.32	8633616
46.33	8636177
46.34	8638734
46.35	8641284
46.36	8643832
46.37	8646370
46.38	8648891
46.39	8651398
46.40	8653901
46.41	8656397
46.42	8658895
46.43	8661388
46.44	8663882
46.45	8666376
46.46	8668868
46.47	8671351
46.48	8673829
46.49	8676303
46.50	8678776
46.51	8681249
46.52	8683720
46.53	8686186
46.54	8688646
46.55	8691102
46.56	8693560
46.57	8696016
46.58	8698470
46.59	8700915
46.60	8703357
46.61	8705779
46.62	8708189
46.63	8710594
46.64	8712993
46.65	8715386
46.66	8717779
46.67	8720169
46.68	8722554
46.69	8724938
46.70	8727316
46.71	8729691
46.72	8732060
46.73	8734424
46.74	8736780
46.75	8739122
46.76	8741454
46.77	8743787
46.78	8746112
46.79	8748436
46.80	8750752
46.81	8753035
46.82	8755300
46.83	8757552
46.84	8759787
46.85	8762018
46.86	8764241
46.87	8766467
46.88	8768689
46.89	8770901
46.90	8773121
46.91	8775342
46.92	8777562
46.93	8779785
46.94	8782005
46.95	8784211
46.96	8786413
46.97	8788614
46.98	8790814
46.99	8793007
47.00	8795176
47.01	8797340
47.02	8799485
47.03	8801582
47.04	8803669
47.05	8805744
47.06	8807803
47.07	8809850
47.08	8811873
47.09	8813888
47.10	8815897
47.11	8817905
47.12	8819915
47.13	8821923
47.14	8823933
47.15	8825938
47.16	8827937
47.17	8829933
47.18	8831928
47.19	8833924
47.20	8835910
47.21	8837879
47.22	8839847
47.23	8841802
47.24	8843747
47.25	8845680
47.26	8847603
47.27	8849527
47.28	8851449
47.29	8853372
47.30	8855299
47.31	8857224
47.32	8859156
47.33	8861093
47.34	8863040
47.35	8864999
47.36	8866962
47.37	8868929
47.38	8870899
47.39	8872867
47.40	8874839
47.41	8876815
47.42	8878793
47.43	8880772
47.44	8882760
47.45	8884758
47.46	8886763
47.47	8888770
47.48	8890779
47.49	8892792
47.50	8894808
47.51	8896825
47.52	8898843
47.53	8900867
47.54	8902897
47.55	8904927
47.56	8906960
47.57	8908994
47.58	8911029
47.59	8913064
47.60	8915096
47.61	8917132
47.62	8919163
47.63	8921194
47.64	8923226
47.65	8925267
47.66	8927313
47.67	8929360
47.68	8931407
47.69	8933460
47.70	8935506
47.71	8937541
47.72	8939558
47.73	8941562
47.74	8943541
47.75	8945508
47.76	8947469
47.77	8949426
47.78	8951383
47.79	8953350
47.80	8955328
47.81	8957303
47.82	8959287
47.83	8961276
47.84	8963265
47.85	8965275
47.86	8967291
47.87	8969320
47.88	8971359
47.89	8973412
47.90	8975475
47.91	8977547
47.92	8979609
47.93	8981669
47.94	8983724
47.95	8985780
47.96	8987838
47.97	8989892
47.98	8991927
47.99	8993953
48.00	8995986
48.01	8998025
48.02	9000068
48.03	9002121
48.04	9004187
48.05	9006254
48.06	9008304
48.07	9010351
48.08	9012369
48.09	9014383
48.10	9016388
48.11	9018386
48.12	9020376
48.13	9022346
48.14	9024310
48.15	9026261
48.16	9028212
48.17	9030156
48.18	9032099
48.19	9034035
48.20	9035970
48.21	9037888
48.22	9039800
48.23	9041703
48.24	9043601
48.25	9045491
48.26	9047378
48.27	9049261
48.28	9051142
48.29	9053022
48.30	9054892
48.31	9056761
48.32	9058626
48.33	9060484
48.34	9062339
48.35	9064188
48.36	9066032
48.37	9067863
48.38	9069684
48.39	9071493
48.40	9073284
48.41	9075063
48.42	9076836
48.43	9078602
48.44	9080364
48.45	9082119
48.46	9083864
48.47	9085577
48.48	9087285
48.49	9088996
48.50	9090700
48.51	9092403
48.52	9094090
48.53	9095770
48.54	9097418
48.55	9099065
48.56	9100702
48.57	9102336
48.58	9103958
48.59	9105580
48.60	9107201
48.61	9108816
48.62	9110427
48.63	9112033
48.64	9113638
48.65	9115239
48.66	9116839
48.67	9118435
48.68	9120036
48.69	9121636
48.70	9123239
48.71	9124839
48.72	9126437
48.73	9128032
48.74	9129628
48.75	9131219
48.76	9132802
48.77	9134389
48.78	9135974
48.79	9137557
48.80	9139127
48.81	9140698
48.82	9142265
48.83	9143830
48.84	9145396
48.85	9146961
48.86	9148528
48.87	9150097
48.88	9151665
48.89	9153225
48.90	9154769
48.91	9156304
48.92	9157835
48.93	9159359
48.94	9160882
48.95	9162401
48.96	9163924
48.97	9165443
48.98	9166961
48.99	9168476
49.00	9169988
49.01	9171501
49.02	9173015
49.03	9174524
49.04	9176026
49.05	9177520
49.06	9179006
49.07	9180491
49.08	9181974
49.09	9183454
49.10	9184933
49.11	9186401
49.12	9187864
49.13	9189315
49.14	9190749
49.15	9192177
49.16	9193586
49.17	9194982
49.18	9196371
49.19	9197751
49.20	9199108
49.21	9200459
49.22	9201814
49.23	9203166
49.24	9204517
49.25	9205868
49.26	9207216
49.27	9208565
49.28	9209911
49.29	9211254
49.30	9212593
49.31	9213921
49.32	9215246
49.33	9216573
49.34	9217898
49.35	9219224
49.36	9220547
49.37	9221870
49.38	9223188
49.39	9224497
49.40	9225802
49.41	9227103
49.42	9228393
49.43	9229677
49.44	9230961
49.45	9232239
49.46	9233508
49.47	9234766
49.48	9236020
49.49	9237271
49.50	9238516
49.51	9239751
49.52	9240982
49.53	9242214
49.54	9243443
49.55	9244663
49.56	9245869
49.57	9247063
49.58	9248244
49.59	9249409
49.60	9250562
49.61	9251709
49.62	9252825
49.63	9253914
49.64	9254991
49.65	9256058
49.66	9257108
49.67	9258143
49.68	9259167
49.69	9260180
49.70	9261188
49.71	9262189
49.72	9263184
49.73	9264174
49.74	9265155
49.75	9266134
49.76	9267114
49.77	9268090
49.78	9269057
49.79	9270016
49.80	9270969
49.81	9271913
49.82	9272848
49.83	9273779
49.84	9274703
49.85	9275620
49.86	9276534
49.87	9277440
49.88	9278349
49.89	9279258
49.90	9280163
49.91	9281067
49.92	9281972
49.93	9282874
49.94	9283774
49.95	9284675
49.96	9285569
49.97	9286453
49.98	9287329
49.99	9288200
50.00	9289058
50.01	9289905
50.02	9290747
50.03	9291585
50.04	9292418
50.05	9293248
50.06	9294079
50.07	9294910
50.08	9295741
50.09	9296569
50.10	9297397
50.11	9298225
50.12	9299054
50.13	9299883
50.14	9300710
50.15	9301536
50.16	9302362
50.17	9303192
50.18	9304023
50.19	9304854
50.20	9305681
50.21	9306513
50.22	9307342
50.23	9308169
50.24	9308997
50.25	9309825
50.26	9310653
50.27	9311477
50.28	9312296
50.29	9313111
50.30	9313922
50.31	9314730
50.32	9315534
50.33	9316337
50.34	9317143
50.35	9317955
50.36	9318774
50.37	9319595
50.38	9320421
50.39	9321248
50.40	9322076
50.41	9322904
50.42	9323732
50.43	9324557
50.44	9325382
50.45	9326203
50.46	9327018
50.47	9327829
50.48	9328638
50.49	9329447
50.50	9330257
50.51	9331069
50.52	9331882
50.53	9332692
50.54	9333502
50.55	9334313
50.56	9335125
50.57	9335939
50.58	9336755
50.59	9337571
50.60	9338383
50.61	9339197
50.62	9340012
50.63	9340820
50.64	9341624
50.65	9342429
50.66	9343231
50.67	9344029
50.68	9344827
50.69	9345625
50.70	9346419
50.71	9347210
50.72	9347998
50.73	9348784
50.74	9349571
50.75	9350354
50.76	9351141
50.77	9351927
50.78	9352709
50.79	9353487
50.80	9354262
50.81	9355038
50.82	9355815
50.83	9356591
50.84	9357368
50.85	9358144
50.86	9358916
50.87	9359688
50.88	9360459
50.89	9361230
50.90	9361998
50.91	9362767
50.92	9363533
50.93	9364295
50.94	9365056
50.95	9365817
50.96	9366574
50.97	9367327
50.98	9368078
50.99	9368828
51.00	9369577
51.01	9370325
51.02	9371069
51.03	9371809
51.04	9372546
51.05	9373282
51.06	9374014
51.07	9374742
51.08	9375467
51.09	9376193
51.10	9376916
51.11	9377638
51.12	9378362
51.13	9379084
51.14	9379806
51.15	9380526
51.16	9381246
51.17	9381969
51.18	9382689
51.19	9383408
51.20	9384126
51.21	9384845
51.22	9385565
51.23	9386285
51.24	9387005
51.25	9387721
51.26	9388437
51.27	9389154
51.28	9389869
51.29	9390588
51.30	9391308
51.31	9392026
51.32	9392740
51.33	9393452
51.34	9394166
51.35	9394877
51.36	9395583
51.37	9396289
51.38	9396996
51.39	9397701
51.40	9398408
51.41	9399115
51.42	9399818
51.43	9400514
51.44	9401201
51.45	9401892
51.46	9402580
51.47	9403266
51.48	9403953
51.49	9404638
51.50	9405325
51.51	9406013
51.52	9406700
51.53	9407388
51.54	9408075
51.55	9408758
51.56	9409438
51.57	9410114
51.58	9410785
51.59	9411456
51.60	9412124
51.61	9412794
51.62	9413466
51.63	9414138
51.64	9414810
51.65	9415482
51.66	9416151
51.67	9416820
51.68	9417488
51.69	9418153
51.70	9418814
51.71	9419472
51.72	9420130
51.73	9420787
51.74	9421439
51.75	9422088
51.76	9422730
51.77	9423372
51.78	9424011
51.79	9424646
51.80	9425278
51.81	9425907
51.82	9426535
51.83	9427157
51.84	9427778
51.85	9428399
51.86	9429017
51.87	9429631
51.88	9430244
51.89	9430856
51.90	9431464
51.91	9432070
51.92	9432671
51.93	9433270
51.94	9433863
51.95	9434452
51.96	9435041
51.97	9435626
51.98	9436211
51.99	9436796
52.00	9437377
52.01	9437954
52.02	9438531
52.03	9439114
52.04	9439705
52.05	9440294
52.06	9440880
52.07	9441467
52.08	9442055
52.09	9442642
52.10	9443226
52.11	9443810
52.12	9444394
52.13	9444980
52.14	9445565
52.15	9446150
52.16	9446733
52.17	9447312
52.18	9447891
52.19	9448466
52.20	9449037
52.21	9449601
52.22	9450161
52.23	9450723
52.24	9451286
52.25	9451850
52.26	9452419
52.27	9452994
52.28	9453571
52.29	9454151
52.30	9454734
52.31	9455317
52.32	9455897
52.33	9456474
52.34	9457051
52.35	9457628
52.36	9458209
52.37	9458790
52.38	9459368
52.39	9459946
52.40	9460522
52.41	9461096
52.42	9461670
52.43	9462241
52.44	9462812
52.45	9463379
52.46	9463944
52.47	9464510
52.48	9465074
52.49	9465636
52.50	9466193
52.51	9466751
52.52	9467308
52.53	9467865
52.54	9468423
52.55	9468981
52.56	9469539
52.57	9470099
52.58	9470663
52.59	9471238
52.60	9471818
52.61	9472402
52.62	9472996
52.63	9473597
52.64	9474194
52.65	9474792
52.66	9475391
52.67	9475998
52.68	9476606
52.69	9477215
52.70	9477821
52.71	9478429
52.72	9479038
52.73	9479644
52.74	9480253
52.75	9480862
52.76	9481474
52.77	9482087
52.78	9482701
52.79	9483311
52.80	9483913
52.81	9484508
52.82	9485097
52.83	9485680
52.84	9486257
52.85	9486832
52.86	9487405
52.87	9487974
52.88	9488541
52.89	9489102
52.90	9489657
52.91	9490209
52.92	9490753
52.93	9491293
52.94	9491834
52.95	9492376
52.96	9492918
52.97	9493457
52.98	9493994
52.99	9494532
53.00	9495070
53.01	9495606
53.02	9496138
53.03	9496666
53.04	9497190
53.05	9497709
53.06	9498227
53.07	9498744
53.08	9499258
53.09	9499767
53.10	9500268
53.11	9500758
53.12	9501244
53.13	9501731
53.14	9502217
53.15	9502695
53.16	9503159
53.17	9503612
53.18	9504061
53.19	9504501
53.20	9504936
53.21	9505365
53.22	9505769
53.23	9506148
53.24	9506514
53.25	9506880
53.26	9507245
53.27	9507607
53.28	9507967
53.29	9508324
53.30	9508680
53.31	9509023
53.32	9509346
53.33	9509659
53.34	9509966
53.35	9510264
53.36	9510547
53.37	9510825
53.38	9511095
53.39	9511352
53.40	9511599
53.41	9511836
53.42	9512063
53.43	9512285
53.44	9512506
53.45	9512713
53.46	9512903
53.47	9513082
53.48	9513241
53.49	9513366
53.50	9513470
53.51	9513561
53.52	9513637
53.53	9513698
53.54	9513751
53.55	9513797
53.56	9513832
